0.000000000000000000e+00
0.000000000000000000e+00
4.523291345740076072e-101
4.820410119446999535e-97
2.123762503099564838e-93
4.691019115549951886e-90
2.822899870490547408e-87
9.140022464189051022e-85
2.861764789648577245e-82
9.027450194952301336e-80
2.228658166709231687e-77
3.164369354956132831e-75
3.207731991511834173e-73
3.147018054505074520e-71
3.263940629901722189e-69
2.900085521837347787e-67
1.782385599655521907e-65
8.568587429794825726e-64
4.087751219151642845e-62
2.028487686564345754e-60
9.131388136770300676e-59
3.124517827530765439e-57
8.832747703379180305e-56
2.499319178875143315e-54
7.302024926878723097e-53
1.979658487060476968e-51
4.308801958318809005e-50
8.023760328797975612e-49
1.490112268444635207e-47
2.866577265304290872e-46
5.159277250869647942e-45
7.759819045557336700e-44
1.024291153550526024e-42
1.344506799148961489e-41
1.823672636518787190e-40
2.336061439268344251e-39
2.562646606048911344e-38
2.505049550182879713e-37
2.444668685043576492e-36
2.445435727220486916e-35
2.335572995501370386e-34
1.945248493862534823e-33
1.462261169352329033e-32
1.098338814482119722e-31
8.432661089469053477e-31
6.206524960135179800e-30
4.043501821772512584e-29
2.403233415576037144e-28
1.421848333456764083e-27
8.603651077250868809e-27
4.993200824738764090e-26
2.596983605064001198e-25
1.242911460307499719e-24
5.916660974444957231e-24
2.876595776230614036e-23
1.348160672077717310e-22
5.721197152893662567e-22
2.250734368962803005e-21
8.836233496003752217e-21
3.531442228629423758e-20
1.367273502914815065e-19
4.827612360856952091e-19
1.587576953711061099e-18
5.202551900064344030e-18
1.731008730485860966e-17
5.577762282075194135e-17
1.648620507910470423e-16
4.559271313317482938e-16
1.253776256190960581e-15
3.502582472697875265e-15
9.482863088997135199e-15
2.369867697542570574e-14
5.563745274192996829e-14
1.298186973110838495e-13
3.068456821704592934e-13
7.040296011924303822e-13
1.496199176353519064e-12
2.993117868835778241e-12
5.953321823161974149e-12
1.195145326159752151e-11
2.332590700369230262e-11
4.231030617111172151e-11
7.245702588985488176e-11
1.233792496208914524e-10
2.121659288187002577e-10
3.550242548632311783e-10
5.540589056616065887e-10
8.170360892042395926e-10
1.192382054955768507e-09
1.752765672561226092e-09
2.509988729420690120e-09
3.386713697211264503e-09
4.382499792720101356e-09
5.695632940624836491e-09
7.517921777898375700e-09
9.682203553096753922e-09
1.163709748584846328e-08
1.317753713446424063e-08
1.476138383751086123e-08
1.682832161961301165e-08
1.947537674341683430e-08
2.279844833513695063e-08
2.791363361674713509e-08
3.718564183922692418e-08
5.363599912433095130e-08
7.962330019049878255e-08
1.156690559431888050e-07
1.637185040088681562e-07
2.311716143221197772e-07
3.265777127551333288e-07
4.452723413978827003e-07
5.669868395272345381e-07
6.823210702014710232e-07
8.077795515251630314e-07
9.569298381611079177e-07
1.111037695510979909e-06
1.233876247551871690e-06
1.331035232298810091e-06
1.451463789242401806e-06
1.623380813783279484e-06
1.823391048219129026e-06
2.004529035451706164e-06
2.183181870088516001e-06
2.437851869180204763e-06
2.818724639783761621e-06
3.274348719833836121e-06
3.697286241471416728e-06
4.083515751691140788e-06
4.560628417477613150e-06
5.231683121366543660e-06
6.028511768582248207e-06
6.798215638411534090e-06
7.562085597942946871e-06
8.554133665354332955e-06
9.924077780866835582e-06
1.151098090764943612e-05
1.296460554281423193e-05
1.427405230893366965e-05
1.583407462472201512e-05
1.786480396135351164e-05
2.005881873189409959e-05
2.185964446145352105e-05
2.332638277245950749e-05
2.510017210438127353e-05
2.749441810232273008e-05
2.994472932893077854e-05
3.166349058879250214e-05
3.276607085553727579e-05
3.411730440257712500e-05
3.619149440678138375e-05
3.837534247554099320e-05
3.966834997698328685e-05
4.027351704736165724e-05
4.144179323436291128e-05
4.345328411566311711e-05
4.521470053065292701e-05
4.583953610924451476e-05
4.585151617825586464e-05
4.627766052481974694e-05
4.758731175816494839e-05
4.918170799962962193e-05
4.987894152401049530e-05
4.976206742167103164e-05
5.000192966771685070e-05
5.116657464262800120e-05
5.250373121623965258e-05
5.277277330957485868e-05
5.211115459513758420e-05
5.207778637460049682e-05
5.332634438096661890e-05
5.479252101257485301e-05
5.513046438860874659e-05
5.459331564526137689e-05
5.481102414791832566e-05
5.629385791411463180e-05
5.769943098386607217e-05
5.764155780357247571e-05
5.670866954656340138e-05
5.663918364585761962e-05
5.792552321175814452e-05
5.913354863581430791e-05
5.899853578767896010e-05
5.830314409534397458e-05
5.870306382998987445e-05
6.059056666608470979e-05
6.232645697878688251e-05
6.261439894069302850e-05
6.239517354665689158e-05
6.338099310895975284e-05
6.579691774215235195e-05
6.779080660399498099e-05
6.797434246740034151e-05
6.755280865467090093e-05
6.851691911876980098e-05
7.108144248208201385e-05
7.329160591346877210e-05
7.362348227671663265e-05
7.340937705017531729e-05
7.481279087746695185e-05
7.800843224851350117e-05
8.067321879952173212e-05
8.121017576739215373e-05
8.129266562035707046e-05
8.341019721425193048e-05
8.762196762548846315e-05
9.100782402827229821e-05
9.176701228528713096e-05
9.210951242199721749e-05
9.530223648673139176e-05
1.013500130942217894e-04
1.065862319193587707e-04
1.083828952786273901e-04
1.092459825950048885e-04
1.133998590217199029e-04
1.208716619245417238e-04
1.271687419258927241e-04
1.287130660499792058e-04
1.284372027021343375e-04
1.316655479667021181e-04
1.389028888346978657e-04
1.452331121892002958e-04
1.466071972074540488e-04
1.462935933574459444e-04
1.501245235814419163e-04
1.586155647299469405e-04
1.660008005133156250e-04
1.674763067766988321e-04
1.669197685640593648e-04
1.709513680529174044e-04
1.801382351579290881e-04
1.880333289625116028e-04
1.891749749766519998e-04
1.882974775493656419e-04
1.929729872900507880e-04
2.039305332801127034e-04
2.135386303594678445e-04
2.155729101002160574e-04
2.155431384366245291e-04
2.221336462724148248e-04
2.362075394473410960e-04
2.481052286700766727e-04
2.505600538089617214e-04
2.504536015848488669e-04
2.587906009425567917e-04
2.763953666647089836e-04
2.915627688012678576e-04
2.947828974643525602e-04
2.939505205997699610e-04
3.026712557784691678e-04
3.215508928093904740e-04
3.374173814413152861e-04
3.385964345422198428e-04
3.348233100215490033e-04
3.420848531115046570e-04
3.613843968244233318e-04
3.776063445263450643e-04
3.779185749754823557e-04
3.737744566945404236e-04
3.827407462025822667e-04
4.061109612793365126e-04
4.247835468373792811e-04
4.242550030282108840e-04
4.179353318092140861e-04
4.267292520684819591e-04
4.516862115218671586e-04
4.709133254411035320e-04
4.679424614855598897e-04
4.583006986182246579e-04
4.666153635782832880e-04
4.938183449052343989e-04
5.167034753998764503e-04
5.151301057801272072e-04
5.058109492991471950e-04
5.157097326212038745e-04
5.468058437409041095e-04
5.721057554696470709e-04
5.689691209981234199e-04
5.576213320278780713e-04
5.683943734160298205e-04
6.041224496752908325e-04
6.315718972061244328e-04
6.254246791866738828e-04
6.100163218508055643e-04
6.215544157965973131e-04
6.619772488888265487e-04
6.936304959522706639e-04
6.853409220581505295e-04
6.648449689307427612e-04
6.740185930064108728e-04
7.143435867299136651e-04
7.458778848833229076e-04
7.336095665751542812e-04
7.093133965869632919e-04
7.180771361669945800e-04
7.629306462115463929e-04
7.978978785554506062e-04
7.839044010461973175e-04
7.564457155834279200e-04
7.681144651548776946e-04
8.219993263570440521e-04
8.623389664056472755e-04
8.465320396233881129e-04
8.160413593142076078e-04
8.258177467215649641e-04
8.776926053616442881e-04
9.215185500721010097e-04
9.045889943828915730e-04
8.660414592993552875e-04
8.788632291199069847e-04
9.500416180327384778e-04
1.004831287023437870e-03
9.837981093108909888e-04
9.479643289301506199e-04
9.680095204258216133e-04
1.043976656271008736e-03
1.100751610710159166e-03
1.076452313736003200e-03
1.032304793849515368e-03
1.050309199808830644e-03
1.131733727390330261e-03
1.196557422778707662e-03
1.169496305403278742e-03
1.109395495463589209e-03
1.118628020874482681e-03
1.211890017505744439e-03
1.289909962760345296e-03
1.256217645672461905e-03
1.188778169191707012e-03
1.208611900325750861e-03
1.334728642989784983e-03
1.444964514984364802e-03
1.410847687261495556e-03
1.341542043757994228e-03
1.382364991584801757e-03
1.550480656313441875e-03
1.693987651756440364e-03
1.648847042637833311e-03
1.567932072104243329e-03
1.631698236548425381e-03
1.852043541993635351e-03
2.030884436304797140e-03
1.972261137267353626e-03
1.877059739346258411e-03
1.982062267389846522e-03
2.287330835171438263e-03
2.525852875018959939e-03
2.434316020660019873e-03
2.288012502299290995e-03
2.404254173060124591e-03
2.783903841922273983e-03
3.077095955643982961e-03
2.935752404079315387e-03
2.718214103571916715e-03
2.822002424875690290e-03
3.271609071717993932e-03
3.615006512033718845e-03
3.427306399984075998e-03
3.138609954994980768e-03
3.237745889793045440e-03
3.763083833260242889e-03
4.188074934561768214e-03
3.941131240739780169e-03
3.544257602050016054e-03
3.594751522047225523e-03
4.142310708478901156e-03
4.620375154746719261e-03
4.341462697179316807e-03
3.864291485464081861e-03
3.858894143719389987e-03
4.387127869691246317e-03
4.858925233686543256e-03
4.578922636458199538e-03
4.076526207423741832e-03
4.032299017710811589e-03
4.526013142250577374e-03
4.987341392656462202e-03
4.711149207059912164e-03
4.180365951709385033e-03
4.068031855977083215e-03
4.459155910043258002e-03
4.838393857769574848e-03
4.590881442955334520e-03
4.092695979909823784e-03
3.953181374503947874e-03
4.231820578152836222e-03
4.510651852472569168e-03
4.300903023640052607e-03
3.881118636857078166e-03
3.743801810687176403e-03
3.957662639861294837e-03
4.178770488614330474e-03
4.022202843355431393e-03
3.683883869258140070e-03
3.559472049460622387e-03
3.723662320144279555e-03
3.893255354221271652e-03
3.785435226104189380e-03
3.532850927533282091e-03
3.448736059684050659e-03
3.585847435446642799e-03
3.725162216250911453e-03
3.640485380249903341e-03
3.443646553565428599e-03
3.392278221734671296e-03
3.526613715689513786e-03
3.655910739507428012e-03
3.594180804993301389e-03
3.442736021364765919e-03
3.426609640574626928e-03
3.573194981481442149e-03
3.699860389294217650e-03
3.646805333458823847e-03
3.523498009147702902e-03
3.536382162996191871e-03
3.706264476255830692e-03
3.846055460134075940e-03
3.793821095728892867e-03
3.673989026284496615e-03
3.702850356936467947e-03
3.895375274252935865e-03
4.060617806987376101e-03
4.016826820152472229e-03
3.894340850551946190e-03
3.924458000690034427e-03
4.124692164565133337e-03
4.302215706903566791e-03
4.252863739974167834e-03
4.113371214339689441e-03
4.121873529739167319e-03
4.318812954070900406e-03
4.496819696873531960e-03
4.443922833782191183e-03
4.286293446772680531e-03
4.266080274153133574e-03
4.431860380366242982e-03
4.584958677410377013e-03
4.524978600520555838e-03
4.364516263467449822e-03
4.331588982989431104e-03
4.472938702333185620e-03
4.605896773211335185e-03
4.548431183898626710e-03
4.399669424834476775e-03
4.378284525505871105e-03
4.520848435456498171e-03
4.644079819119154191e-03
4.590954487156889870e-03
4.460884204540338689e-03
4.447201879510582871e-03
4.576742963657847059e-03
4.685781378948560873e-03
4.626829668394099454e-03
4.490622207751709602e-03
4.490050430461030306e-03
4.657352725756761999e-03
4.789201809761458282e-03
4.726725447819835231e-03
4.600400429875550236e-03
4.592463082330557923e-03
4.701592457847656586e-03
4.797203496793038015e-03
4.726250041242024968e-03
4.556922154753879559e-03
4.501128746915633583e-03
4.621763287481131868e-03
4.737122169104459463e-03
4.670789536070150787e-03
4.529561198696581414e-03
4.498135495482496506e-03
4.609441229707846206e-03
4.700163246557492562e-03
4.632952246708584194e-03
4.508863683068804751e-03
4.488404148674260928e-03
4.576364149745272038e-03
4.639045383007498607e-03
4.577151564148691093e-03
4.453255981307763928e-03
4.424564327190723054e-03
4.517310079348029958e-03
4.597404419896712266e-03
4.538484196587242760e-03
4.404975058450472103e-03
4.360453151774257470e-03
4.449548272943573343e-03
4.539360730570109713e-03
4.480028973945689337e-03
4.354329667793333317e-03
4.327274142244821702e-03
4.429510488006290977e-03
4.521180864411283515e-03
4.469058491086800276e-03
4.360441206656421632e-03
4.353756644785652247e-03
4.455334658486591673e-03
4.527328836327115802e-03
4.470443412858166217e-03
4.368259052710711000e-03
4.365047499125911112e-03
4.460651234197771792e-03
4.522881365989017168e-03
4.473605924653598770e-03
4.385561576096019473e-03
4.383558675327282016e-03
4.474754224514953561e-03
4.539794009412572925e-03
4.491074265482239772e-03
4.390551894555907997e-03
4.353297612402790701e-03
4.411861037386494502e-03
4.467220578895318012e-03
4.419429689530241824e-03
4.315430083541983534e-03
4.266281888238057998e-03
4.312169749246863582e-03
4.368228196558509961e-03
4.328151742879213573e-03
4.228031759079489520e-03
4.182624102169602877e-03
4.230217347117403923e-03
4.287109532381220590e-03
4.247741610666349275e-03
4.148850904937494664e-03
4.113177200921332502e-03
4.174057169740974862e-03
4.240982018293804751e-03
4.206919046974748680e-03
4.111098783391330634e-03
4.081516715382690896e-03
4.152575838073978634e-03
4.229109087450732413e-03
4.197380990760322429e-03
4.099636312357764038e-03
4.069825044897215291e-03
4.143602280597655056e-03
4.220861653113279835e-03
4.192934996031651845e-03
4.105622876715795191e-03
4.095934508006183854e-03
4.192138647802190997e-03
4.284559771197342382e-03
4.266671002334271323e-03
4.192055791503576309e-03
4.201500085877872027e-03
4.320395447595408965e-03
4.427039436664149084e-03
4.412756586570122652e-03
4.341689053965304586e-03
4.362025098452131273e-03
4.499531220059011134e-03
4.623504677994919390e-03
4.616523445067848008e-03
4.550317355860042726e-03
4.582101397440139709e-03
4.738072150185846688e-03
4.873455605487334377e-03
4.867622464036036427e-03
4.803658261950678743e-03
4.852898345903798247e-03
5.034598568456259866e-03
5.185378499707534068e-03
5.178695261446918455e-03
5.115391132353717778e-03
5.181019829004515458e-03
5.395046907139953996e-03
5.569412035070268018e-03
5.557530184046902480e-03
5.479136896267192310e-03
5.543799780824651760e-03
5.777399966474750827e-03
5.969093705799971387e-03
5.952812041023249068e-03
5.863261258436623484e-03
5.938844320241705096e-03
6.204515038210927334e-03
6.425302181216963233e-03
6.413793081244151262e-03
6.323927641319759471e-03
6.426142209262962132e-03
6.743306009100641374e-03
7.005897121835864827e-03
6.992408160143549767e-03
6.882383339105450047e-03
6.987811628212458638e-03
7.346667411966322468e-03
7.649989235355414245e-03
7.630502855109908174e-03
7.489379127406155072e-03
7.593143463924090231e-03
7.990907933317444381e-03
8.333751395152959318e-03
8.313232703248702588e-03
8.142180078945038604e-03
8.240682231173563840e-03
8.656622394064767897e-03
9.023090975558254942e-03
8.987233299160896430e-03
8.776013032054807636e-03
8.860178827586252803e-03
9.314815282840727129e-03
9.724061236418793386e-03
9.685802762469138474e-03
9.454750525818244461e-03
9.525054514379601225e-03
9.969874561233986465e-03
1.037693156280514346e-02
1.033541091786000996e-02
1.005429463658753970e-02
1.008714642376131940e-02
1.056240978391752294e-02
1.101361699488577137e-02
1.096231962897040516e-02
1.071226472046991722e-02
1.080935361999427191e-02
1.128162227818534959e-02
1.169735403664211477e-02
1.163273484004241458e-02
1.133211468887445651e-02
1.135387644337586266e-02
1.184016412986859008e-02
1.230391456842843366e-02
1.224422577018866726e-02
1.195202817474769891e-02
1.202671921446523892e-02
1.259681351380895729e-02
1.312663551696761390e-02
1.306477765605921527e-02
1.279150369755782668e-02
1.296770850929906439e-02
1.362991597402981626e-02
1.417297378639642384e-02
1.407056988840418334e-02
1.373425267931080961e-02
1.386619926135234521e-02
1.456849932110532674e-02
1.516697748015726106e-02
1.505473960480404640e-02
1.463724815452125891e-02
1.468957670300000649e-02
1.539534284313943610e-02
1.605230994197939104e-02
1.591239035167416396e-02
1.541067983046429807e-02
1.545636672074359244e-02
1.622171637761276111e-02
1.693103301171792335e-02
1.676226724179048083e-02
1.620234426541636644e-02
1.628540428862007214e-02
1.713440947376722312e-02
1.786651388309973623e-02
1.767769220562359286e-02
1.709739380324095878e-02
1.717302149167000691e-02
1.800719609334826971e-02
1.869250145520911371e-02
1.847135507320897541e-02
1.791387258192245896e-02
1.799326207573279102e-02
1.883727115711781447e-02
1.955596068008741070e-02
1.933194635243643336e-02
1.875727409648275321e-02
1.881548003387566864e-02
1.967040963545161822e-02
2.042483773660006691e-02
2.015519858541081621e-02
1.945279467279737232e-02
1.944227589292868430e-02
2.030643449183280880e-02
2.111914590021105737e-02
2.082495184623138484e-02
2.002273894622299752e-02
1.998459557514042917e-02
2.096349745576578036e-02
2.188737949259096302e-02
2.158835739315205157e-02
2.069653365077204349e-02
2.063934752664761327e-02
2.171124697246316210e-02
2.269458697355048599e-02
2.236355559683731939e-02
2.141288117465972585e-02
2.136958785766232896e-02
2.249675815807547496e-02
2.352606079051572721e-02
2.318301781559448799e-02
2.227203741541505105e-02
2.234867755580680418e-02
2.363100136955392783e-02
2.474293242600415083e-02
2.434412851099855210e-02
2.342808387950625834e-02
2.362592950596808725e-02
2.512256262403950516e-02
2.636238779310766389e-02
2.589544752046624501e-02
2.490751731759708459e-02
2.515919030229873260e-02
2.682774347137508938e-02
2.819142743231203840e-02
2.766152211251596965e-02
2.657510423873761518e-02
2.685646701672049497e-02
2.867148509673201826e-02
3.012905358781088963e-02
2.952179209095262893e-02
2.828230328192929410e-02
2.854540311798564600e-02
3.039180842561737747e-02
3.183973113492061247e-02
3.115384678979291055e-02
2.983424282127389998e-02
3.008208970688338452e-02
3.193349067210460995e-02
3.333824457815256354e-02
3.256301718923449579e-02
3.120322832382393941e-02
3.150344035799135245e-02
3.350385862228781597e-02
3.499711898958270118e-02
3.414142876139399096e-02
3.262912227624351763e-02
3.288240606330553734e-02
3.494143997162376530e-02
3.652101294929881864e-02
3.558287829204000163e-02
3.386051805347107396e-02
3.390951266251459456e-02
3.586445820518043698e-02
3.735661315112659420e-02
3.638231902224854653e-02
3.456794755964828075e-02
3.449473021197009548e-02
3.630852113340016923e-02
3.765420151537979265e-02
3.665080528441012203e-02
3.482590847835956294e-02
3.466103298084341477e-02
3.627481856615433903e-02
3.749859475688067240e-02
3.650754877652645503e-02
3.473948124584559649e-02
3.455369151742637701e-02
3.609933843093838385e-02
3.728286236138805831e-02
3.632060739056083148e-02
3.463218731283624480e-02
3.442456262533837713e-02
3.581707521596056570e-02
3.684838923256731485e-02
3.587176638491706981e-02
3.405922563050196167e-02
3.355630769692456022e-02
3.472908998856986257e-02
3.565797462511047233e-02
3.475511186028020644e-02
3.323503804750262136e-02
3.297456987997206962e-02
3.390984043927351005e-02
3.447341591757359380e-02
3.363440355433793688e-02
3.217601380130730160e-02
3.171419195235537780e-02
3.253907088403971970e-02
3.324779365879107496e-02
3.245232157675461554e-02
3.122277136884938492e-02
3.112366294654089760e-02
3.203058520820870753e-02
3.252015778304091775e-02
3.176218242800461777e-02
3.062384406048184252e-02
3.040492538307537976e-02
3.113805202194895941e-02
3.152897602394349325e-02
3.080470979776774032e-02
2.971552402389073672e-02
2.943504646451528678e-02
3.004935440335127286e-02
3.046519515929184754e-02
2.978550376026583082e-02
2.883979085141472401e-02
2.891717160819845880e-02
2.979511738242097627e-02
3.022102400121389962e-02
2.955631780846413800e-02
2.876307667145231936e-02
2.899768786061914308e-02
3.001913017488373053e-02
3.047472666936969568e-02
2.978568996823976675e-02
2.897396733014167419e-02
2.905612680282481861e-02
2.994716576243210485e-02
3.042287963481555765e-02
2.973567771569194523e-02
2.880816122123954631e-02
2.884591719779359964e-02
2.972046614683161725e-02
3.024948101782060778e-02
2.955401623160188937e-02
2.859323975910004964e-02
2.877128387958625966e-02
2.994441082010459304e-02
3.065987732590327863e-02
2.994939999859254354e-02
2.898454199447267343e-02
2.920313271349533890e-02
3.052651547259668113e-02
3.130661802767569640e-02
3.055411665525365264e-02
2.954541153641265794e-02
2.962589840986760981e-02
3.071073169683900123e-02
3.134319403703645507e-02
3.056740196116677563e-02
2.950714215054925718e-02
2.942339520160302049e-02
3.021148390628551617e-02
3.069629868609205503e-02
2.995036852890823123e-02
2.883690639834826652e-02
2.859544185474989855e-02
2.920770196312151915e-02
2.958587522724381511e-02
2.884777819327830409e-02
2.772512623556888656e-02
2.742453377476393797e-02
2.808386165081830019e-02
2.849590785646752278e-02
2.780474511665794943e-02
2.674090125042996591e-02
2.650986003450468351e-02
2.723561787428270195e-02
2.766369984106098467e-02
2.699405780083401207e-02
2.605527278187377838e-02
2.600151118391118288e-02
2.680459088995619521e-02
2.725665468896945262e-02
2.658311342934034649e-02
2.576911312813894364e-02
2.593400700851811527e-02
2.694345438609727778e-02
2.748645046129107386e-02
2.682005664658649799e-02
2.601978318409229815e-02
2.625939763806488941e-02
2.730824131634700461e-02
2.782134861751821980e-02
2.711505755891861769e-02
2.625164662563738913e-02
2.640533610401367068e-02
2.730985207417362462e-02
2.772014731136433763e-02
2.700686789568244872e-02
2.613469102829019813e-02
2.619584968517921567e-02
2.695247809277813433e-02
2.729352844221675373e-02
2.660356513605394504e-02
2.572567918073146234e-02
2.562992538164363815e-02
2.622382995928474250e-02
2.647331010580109348e-02
2.579818928463283381e-02
2.491033569573900680e-02
2.468944777205704655e-02
2.513613469882686538e-02
2.530733594255683491e-02
2.466246827762955465e-02
2.380870677681681119e-02
2.354630168516019806e-02
2.390419664013170020e-02
2.406268737195131971e-02
2.345301777365582305e-02
2.264137922456431473e-02
2.240398021594016895e-02
2.279771447148535093e-02
2.300567444637685935e-02
2.242868191243293369e-02
2.159589094726597353e-02
2.133743359303848230e-02
2.171615897965599451e-02
2.194550913245639154e-02
2.138815295505081329e-02
2.052690529110480847e-02
2.020151502481810218e-02
2.050632881526228898e-02
2.074085307571095840e-02
2.024577002588169236e-02
1.944400699028693211e-02
1.912969356050172806e-02
1.939945995670081316e-02
1.960952794713542377e-02
1.911788552107162101e-02
1.831506981145401489e-02
1.798308221822536926e-02
1.823612517648542236e-02
1.844216481707608088e-02
1.798129754251632378e-02
1.726789028917991714e-02
1.703617452408673696e-02
1.733195224157304745e-02
1.753213274863922935e-02
1.712113314188466393e-02
1.645154211416688730e-02
1.620588511147819447e-02
1.653323328904124714e-02
1.680058745643980486e-02
1.639231503475176155e-02
1.574853908869477612e-02
1.563885994989562198e-02
1.605989915329490009e-02
1.631994847003457455e-02
1.593800794556022096e-02
1.528604993316802670e-02
1.507621026249058964e-02
1.542444458858355412e-02
1.573466190784893887e-02
1.536234613636570066e-02
1.469892674789533352e-02
1.452618386797845107e-02
1.490462319076638585e-02
1.519095499409569769e-02
1.482662014245628157e-02
1.422056690422681714e-02
1.410350284897313698e-02
1.452968676973436998e-02
1.482829399879525591e-02
1.448532011859933639e-02
1.390355205253898663e-02
1.375965020254066480e-02
1.414217265873280588e-02
1.446623845670489891e-02
1.412450934586603063e-02
1.350374996870641435e-02
1.338306298049495371e-02
1.385350598973146552e-02
1.423297854905658348e-02
1.390591967212880149e-02
1.328917880576410866e-02
1.320902547953247373e-02
1.375465879514052581e-02
1.416090747402511812e-02
1.380962716184285649e-02
1.316795728320524321e-02
1.302953464017859130e-02
1.348400802002702736e-02
1.386550485391728309e-02
1.352509892172393778e-02
1.286954929147967296e-02
1.268448330223031530e-02
1.307674143324613451e-02
1.345043278504406276e-02
1.313713986163080570e-02
1.248179416515916677e-02
1.230132877756188667e-02
1.275691790277885124e-02
1.317842878532557264e-02
1.287824357369898344e-02
1.223017659934570733e-02
1.207602461006694258e-02
1.258785597283745665e-02
1.306437147059621127e-02
1.278528141281646581e-02
1.215807085932485605e-02
1.200838240299493057e-02
1.247984198644577075e-02
1.293126394943877426e-02
1.266290743098113201e-02
1.204259298131618236e-02
1.186570279231932354e-02
1.224514398783085184e-02
1.262045248462119462e-02
1.236026132786982243e-02
1.174734353669041990e-02
1.152229834281905119e-02
1.182786271210522350e-02
1.216115559612385502e-02
1.192600050544829690e-02
1.134917678361881989e-02
1.110571707928836686e-02
1.139654206014336334e-02
1.172677459880741048e-02
1.151379519380622482e-02
1.097255773405630963e-02
1.075545788451712399e-02
1.105134988004862276e-02
1.139115452046866178e-02
1.120569022551614995e-02
1.072341996756712330e-02
1.057249700649366859e-02
1.089338998696068490e-02
1.124217425977448725e-02
1.107505758352939768e-02
1.063669875225935375e-02
1.052048493253856035e-02
1.083655380749059052e-02
